0.0	1.0	0.0	
0.05	0.9993751354044972	0.0006248645955028562	
0.1	0.99750216588717	0.002497834112829978	
0.15	0.994385959864799	0.005614040135200839	
0.2	0.9900346167404821	0.00996538325951766	
0.25	0.984459445013991	0.015540554986008474	
0.3	0.9776749317260889	0.022325068273910786	
0.35	0.9696987033253801	0.030301296674619446	
0.4	0.9605514780714138	0.039448521928585674	
0.45	0.9502570101120772	0.049742989887922216	
0.5	0.9388420253971143	0.061157974602885294	
0.55	0.9263361496127449	0.07366385038725448	
0.6	0.9127718283448011	0.08722817165519871	
0.65	0.8981842396994274	0.1018157603005723	
0.7	0.8826111996312024	0.1173888003687974	
0.75	0.8660930602483805	0.13390693975161932	
0.8	0.8486726013838815	0.15132739861611844	
0.85	0.8303949157385278	0.1696050842614718	
0.9	0.8113072879198795	0.1886927120801201	
0.95	0.7914590677157693	0.20854093228423046	
1.0	0.7709015379563094	0.2290984620436901	
1.05	0.7496877773316799	0.2503122226683196	
1.1	0.7278725185454188	0.2721274814545806	
1.15	0.705512002194232	0.2944879978057671	
1.2	0.6826638267754803	0.3173361732245186	
1.25	0.659386795232539	0.3406132047674603	
1.3	0.6357407584561229	0.3642592415438767	
1.35	0.6117864561664813	0.3882135438335181	
1.4	0.5875853556070537	0.4124146443929452	
1.45	0.5631994884848035	0.43680051151519506	
1.5	0.5386912865959818	0.4613087134040166	
1.55	0.5141234165785645	0.48587658342143414	
1.6	0.4895586142340328	0.5104413857659659	
1.65	0.465059518861568	0.5349404811384305	
1.7	0.4406885080470917	0.5593114919529064	
1.75	0.41650753334793117	0.5834924666520669	
1.8	0.3925779573112079	0.6074220426887901	
1.85	0.368960392260358	0.6310396077396403	
1.9	0.34571454127948154	0.6542854587205169	
1.95	0.3228990418195016	0.6771009581804969	
2.0	0.30057131234336293	0.6994286876566356	
2.05	0.2787874024197471	0.7212125975802516	
2.1	0.25760184666599173	0.7423981533340069	
2.15	0.23706752293109312	0.7629324770689055	
2.2	0.217235515098835	0.7827644849011636	
2.25	0.1981549808792257	0.8018450191207727	
2.3	0.17987302494353458	0.8201269750564643	
2.35	0.16243457774432396	0.8375654222556748	
2.4	0.14588228034695858	0.8541177196530403	
2.45	0.13025637558317513	0.8697436244168233	
2.5	0.1155946058204224	0.884405394179576	
2.55	0.10193211762286476	0.8980678823771336	
2.6	0.08930137356120631	0.9106986264387921	
2.65	0.07773207140888684	0.9222679285911117	
2.7	0.06725107094175922	0.9327489290582395	
2.75	0.05788232853713902	0.9421176714628597	
2.8	0.04964683974617926	0.9503531602538194	
2.85	0.042562589990927456	0.9574374100090711	
2.9	0.03664451351424371	0.9633554864857552	
2.95	0.03190446068707607	0.9680955393129226	
3.0	0.028351173753480792	0.9716488262465176	
3.05	0.02599027106933282	0.9740097289306658	
3.1	0.024824239865986204	0.9751757601340126	
3.15	0.02485243754530876	0.9751475624546904	
3.2	0.026071101487629467	0.9739288985123697	
3.25	0.028473367329298428	0.9715266326707007	
3.3	0.03204929564186755	0.9679507043581311	
3.35	0.03678590692045356	0.9632140930795451	
3.4	0.04266722476474078	0.9573327752352578	
3.45	0.04967432711241522	0.9503256728875835	
3.5	0.05778540536168333	0.9422145946383151	
3.55	0.06697583119700769	0.9330241688029903	
3.6	0.07721823091036852	0.9227817690896299	
3.65	0.08848256698931295	0.9115174330106858	
3.7	0.10073622672285167	0.8992637732771471	
3.75	0.11394411755697254	0.8860558824430262	
3.8	0.12806876891321559	0.8719312310867835	
3.85	0.14307044016644915	0.8569295598335501	
3.9	0.1589072344617402	0.8410927655382591	
3.95	0.1755352180350637	0.8244647819649358	
4.0	0.1929085446885714	0.8070914553114281	
4.05	0.21097958505826403	0.7890204149417357	
4.1	0.2296990603001981	0.7703009396998014	
4.15	0.24901617981081714	0.7509838201891824	
4.2	0.2688787825876347	0.7311212174123645	
4.25	0.2892334818283104	0.7107665181716885	
4.3	0.3100258123591478	0.6899741876408513	
4.35	0.33120038047819017	0.6687996195218089	
4.4	0.35270101579340285	0.6472989842065963	
4.45	0.3744709246328643	0.6255290753671351	
4.5	0.3964528446014694	0.6035471553985298	
4.55	0.4185891998573223	0.5814108001426768	
4.6	0.4408222566807694	0.5591777433192295	
4.65	0.46309427890987803	0.5369057210901214	
4.7	0.4853476828180697	0.5146523171819299	
4.75	0.5075251910125788	0.49247480898742074	
4.8	0.5295699849363922	0.47043001506360765	
4.85	0.5514258555613226	0.44857414443867677	
4.9	0.573037351865885	0.4269626481341147	
4.95	0.594349926698623	0.40565007330137687	
5.0	0.6153100796355353	0.38468992036446475	
5.05	0.635865496449171	0.3641345035508293	
5.1	0.6559651848168773	0.3440348151831228	
5.15	0.675559605906531	0.3244403940934692	
5.2	0.6946008014898574	0.3053991985101427	
5.25	0.7130425162461504	0.28695748375385	
5.3	0.7308403149327988	0.269159685067201	
5.35	0.7479516941135311	0.2520483058864685	
5.4	0.7643361881506265	0.23566381184937288	
5.45	0.7799554691835561	0.2200445308164433	
5.5	0.794773440833517	0.20522655916648272	
5.55	0.8087563253911244	0.19124367460887526	
5.6	0.8218727442630631	0.17812725573693675	
5.65	0.8340937914727405	0.16590620852725893	
5.7	0.8453931000298998	0.1546068999700991	
5.75	0.8557469010046478	0.14425309899535105	
5.8	0.8651340751624262	0.1348659248375725	
5.85	0.8735361970380126	0.12646380296198612	
5.9	0.8809375713486063	0.11906242865139217	
5.95	0.8873252616684055	0.11267473833159337	
6.0	0.8926891113096881	0.10731088869031062	
6.05	0.8970217563782504	0.10297824362174801	
6.1	0.9003186309939878	0.0996813690060108	
6.15	0.9025779646904065	0.09742203530959219	
6.2	0.9038007720298076	0.09619922797019098	
6.25	0.9039908344936998	0.09600916550629869	
6.3	0.9031546747306153	0.09684532526938307	
6.35	0.9013015232658224	0.09869847673417614	
6.4	0.8984432777993591	0.10155672220063926	
6.45	0.8945944552402983	0.10540554475970011	
6.5	0.8897721366460787	0.11022786335391986	
6.55	0.8839959052560737	0.11600409474392503	
6.6	0.8772877778281971	0.12271222217180136	
6.65	0.8696721295062362	0.13032787049376232	
6.7	0.8611756124636658	0.13882438753633308	
6.75	0.8518270685869053	0.14817293141309357	
6.8	0.8416574364772534	0.15834256352274537	
6.85	0.8306996530660404	0.16930034693395782	
6.9	0.8189885501518479	0.18101144984815026	
6.95	0.8065607461818952	0.19343925381810292	
7.0	0.7934545336118912	0.20654546638810728	
7.05	0.7797097621897345	0.2202902378102641	
7.1	0.765367718518439	0.23463228148155935	
7.15	0.7504710022625126	0.24952899773748557	
7.2	0.7350633993697497	0.2649366006302487	
7.25	0.7191897526869824	0.28081024731301585	
7.3	0.7028958303537991	0.297104169646199	
7.35	0.6862281923625378	0.3137718076374608	
7.4	0.669234055676069	0.3307659443239296	
7.45	0.6519611582969441	0.34803884170305466	
7.5	0.6344576226824348	0.36554237731756395	
7.55	0.6167718188998633	0.3832281811001353	
7.6	0.5989522279153825	0.40104777208461634	
7.65	0.581047305407074	0.4189526945929249	
7.7	0.5631053464898772	0.43689465351012174	
7.75	0.5451743517354657	0.4548256482645332	
7.8	0.5273018948647704	0.4726981051352285	
7.85	0.509534992484425	0.4904650075155741	
7.9	0.4919199762309895	0.5080800237690093	
7.95	0.4745023676784329	0.5254976323215658	
8.0	0.4573267563550059	0.5426732436449927	
8.05	0.4404366812053782	0.5595633187946204	
8.1	0.4238745158227322	0.5761254841772664	
8.15	0.40768135776343906	0.5923186422365597	
8.2	0.3918969222440218	0.6081030777559773	
8.25	0.37655944050634754	0.6234405594936517	
8.3	0.361705563122426	0.6382944368775737	
8.35	0.3473702684948556	0.6526297315051441	
8.4	0.3335867767928846	0.6664132232071156	
8.45	0.32038646954728195	0.6796135304527187	
8.5	0.30779881510978546	0.692201184890215	
8.55	0.29585130016485756	0.7041486998351425	
8.6	0.2845693674628746	0.7154306325371256	
8.65	0.2739763599247737	0.7260236400752266	
8.7	0.26409347124862037	0.73590652875138	
8.75	0.2549397031286044	0.745060296871396	
8.8	0.24653182917669794	0.7534681708233028	
8.85	0.2388843656166607	0.7611156343833402	
8.9	0.23200954879934776	0.7679904512006532	
8.95	0.22591731956740901	0.774082680432592	
9.0	0.22061531447656324	0.7793846855234379	
9.05	0.21610886385974232	0.7838911361402593	
9.1	0.21240099669961116	0.7875990033003906	
9.15	0.2094924522543531	0.7905075477456485	
9.2	0.2073816983612393	0.7926183016387621	
9.25	0.2060649563224494	0.7939350436775516	
9.3	0.20553623225795095	0.7944637677420502	
9.35	0.20578735479104354	0.7942126452089574	
9.4	0.20680801891349854	0.7931919810865027	
9.45	0.2085858358591395	0.7914141641408617	
9.5	0.21110638879727248	0.7888936112027286	
9.55	0.2143532941406408	0.78564670585936	
9.6	0.21830826824660182	0.7816917317533991	
9.65	0.22295119927504783	0.7770488007249534	
9.7	0.22826022395226242	0.7717397760477389	
9.75	0.23421180897645044	0.7657881910235507	
9.8	0.24078083678814574	0.7592191632118551	
9.85	0.2479406954171035	0.7520593045828975	
9.9	0.2556633721066541	0.7443366278933465	
9.95	0.2639195504068484	0.7360804495931524	
10.0	0.27267871041907243	0.7273212895809283	
10.05	0.28190923186717615	0.7180907681328244	
10.1	0.2915784996635306	0.7084215003364696	
10.15	0.30165301163283303	0.6983469883671676	
10.2	0.31209848805189633	0.6879015119481042	
10.25	0.3228799826601085	0.6771200173398922	
10.3	0.33396199479270366	0.666038005207297	
10.35	0.3453085822874764	0.654691417712524	
10.4	0.3568834748150465	0.6431165251849541	
10.45	0.3686501872832855	0.631349812716715	
10.5	0.3805721329679912	0.6194278670320092	
10.55	0.3926127360243744	0.6073872639756256	
10.6	0.40473554303737175	0.595264456962628	
10.65	0.4169043332732059	0.5830956667267941	
10.7	0.42908322729999815	0.5709167727000019	
10.75	0.4412367936515449	0.5587632063484556	
10.8	0.45333015321562364	0.5466698467843769	
10.85	0.46532908103636456	0.5346709189636358	
10.9	0.4772001052292903	0.5227998947707106	
10.95	0.4889106027175964	0.5110893972824049	
11.0	0.5004288915090681	0.4995711084909332	
11.05	0.5117243192447156	0.4882756807552861	
11.1	0.5227673477627098	0.4772326522372917	
11.15	0.5335296334345168	0.46647036656548485	
11.2	0.5439841030441854	0.4560158969558154	
11.25	0.5541050249965801	0.44589497500342046	
11.3	0.5638680756558339	0.436131924344167	
11.35	0.5732504006314917	0.4267495993685092	
11.4	0.5822306708465826	0.41776932915341847	
11.45	0.590789133239203	0.40921086676079765	
11.5	0.598907655967061	0.40109234403294025	
11.55	0.6065697680027164	0.393430231997285	
11.6	0.6137606930259735	0.38623930697402775	
11.65	0.620467377538871	0.3795326224611305	
11.7	0.6266785131480003	0.3733214868520014	
11.75	0.6323845529783293	0.36761544702167187	
11.8	0.6375777222022638	0.36242227779773717	
11.85	0.6422520226872542	0.3577479773127467	
11.9	0.646403231784797	0.3535967682152032	
11.95	0.6500288953030786	0.3499711046969222	
12.0	0.6531283147246899	0.3468716852753106	
12.05	0.6557025287497706	0.3442974712502296	
12.1	0.6577542892634448	0.3422457107365553	
12.15	0.6592880318445373	0.3407119681554627	
12.2	0.6603098409501312	0.3396901590498689	
12.25	0.6608274099275294	0.3391725900724711	
12.3	0.6608499960215457	0.33915000397845446	
12.35	0.6603883705606989	0.3396116294393012	
12.4	0.6594547645207665	0.34054523547923304	
12.45	0.6580628096782447	0.3419371903217547	
12.5	0.6562274755794701	0.3437725244205292	
12.55	0.6539650025635069	0.3460349974364924	
12.6	0.6512928310882953	0.34870716891170395	
12.65	0.6482295276200276	0.35177047237997167	
12.7	0.6447947073552015	0.355205292644798	
12.75	0.6410089540533142	0.35899104594668535	
12.8	0.6368937372656769	0.36310626273432256	
12.85	0.6324713272523514	0.36752867274764817	
12.9	0.6277647078847491	0.3722352921152504	
12.95	0.6227974878359763	0.3772025121640233	
13.0	0.6175938103645807	0.38240618963541895	
13.05	0.6121782619999607	0.38782173800003855	
13.1	0.6065757804393583	0.3934242195606408	
13.15	0.6008115619670752	0.3991884380329243	
13.2	0.5949109687063651	0.4050890312936345	
13.25	0.5888994360133737	0.41110056398662576	
13.3	0.5828023803205201	0.4171976196794797	
13.35	0.5766451077339022	0.4233548922660976	
13.4	0.5704527236856475	0.42954727631435224	
13.45	0.5642500439376321	0.43574995606236744	
13.5	0.5580615072277115	0.44193849277228847	
13.55	0.5519110898435076	0.44808891015649177	
13.6	0.545822222401953	0.4541777775980462	
13.65	0.5398177091051343	0.4601822908948653	
13.7	0.5339196497346209	0.4660803502653787	
13.75	0.5281493646373282	0.47185063536267136	
13.8	0.5225273229461007	0.4774726770538984	
13.85	0.5170730742676325	0.482926925732367	
13.9	0.5118051840590413	0.4881948159409582	
13.95	0.5067411729024456	0.49325882709755364	
14.0	0.5018974598742059	0.4981025401257937	
14.05	0.49728931019216666	0.502710689807833	
14.1	0.4929307873102644	0.5070692126897357	
14.15	0.48883470961524045	0.5111652903847598	
14.2	0.4850126118650187	0.5149873881349819	
14.25	0.4814747114925255	0.5185252885074749	
14.3	0.4782298798824343	0.521770120117566	
14.35	0.4752856187115295	0.5247143812884708	
14.4	0.47264804142614725	0.527351958573853	
14.45	0.470321859912528	0.5296781400874722	
14.5	0.46831037639794754	0.5316896236020526	
14.55	0.46661548060225655	0.5333845193977433	
14.6	0.46523765214101576	0.5347623478589841	
14.65	0.4641759681628246	0.5358240318371751	
14.7	0.4634281161848059	0.5365718838151937	
14.75	0.46299041207157704	0.5370095879284223	
14.8	0.4628578230845236	0.5371421769154758	
14.85	0.46302399590984744	0.536976004090152	
14.9	0.4634812895558009	0.5365187104441983	
14.95	0.4642208129918139	0.5357791870081852	
15.0	0.4652324673849554	0.5347675326150432	
15.05	0.4665049927724444	0.5334950072275534	
15.1	0.46802601899280566	0.531973981007192	
15.15	0.46978212068283864	0.5302178793171595	
15.2	0.4717588761329054	0.5282411238670927	
15.25	0.47394092977922825	0.5260590702207694	
15.3	0.4763120580989546	0.523687941901043	
15.35	0.47885523866179447	0.5211447613382033	
15.4	0.48155272208107314	0.5184472779189246	
15.45	0.48438610659715065	0.5156138934028472	
15.5	0.4873364150173398	0.512663584982658	
15.55	0.4903841737287613	0.5096158262712364	
15.6	0.49350949349401124	0.5064905065059864	
15.65	0.4966921517340983	0.503307848265899	
15.7	0.4999116759988394	0.5000883240011579	
15.75	0.5031474283217735	0.4968525716782238	
15.8	0.5063786901546622	0.49362130984533553	
15.85	0.5095847475757583	0.4904152524242397	
15.9	0.5127449764662353	0.48725502353376277	
15.95	0.5158389273504285	0.48416107264956915	
16.0	0.5188464095978332	0.4811535904021644	
16.05	0.5217475746880723	0.47825242531192536	
16.1	0.5245229982442763	0.4754770017557216	
16.15	0.5271537605454337	0.47284623945456383	
16.2	0.5296215252342605	0.47037847476573713	
16.25	0.5319086159439272	0.46809138405607065	
16.3	0.5339980905745664	0.46600190942543135	
16.35	0.5358738129587792	0.4641261870412181	
16.4	0.5375205216643512	0.462479478335646	
16.45	0.5389238956920361	0.4610761043079617	
16.5	0.5400706168365249	0.459929383163473	
16.55	0.5409484284895704	0.45905157151042697	
16.6	0.5415461906756244	0.45845380932437335	
16.65	0.5418539311222764	0.45814606887772114	
16.7	0.541862892180226	0.4581371078197713	
16.75	0.5415655734204076	0.45843442657958966	
16.8	0.5409557697492877	0.4590442302507094	
16.85	0.5400286048971602	0.45997139510283697	
16.9	0.538780560148522	0.4612194398514749	
16.95	0.5372094981982805	0.46279050180171677	
17.0	0.5353146820325962	0.46468531796740115	
17.05	0.5330967887486319	0.4669032112513657	
17.1	0.5305579182432657	0.46944208175673197	
17.15	0.5277015967170028	0.47229840328299527	
17.2	0.5245327749557851	0.4754672250442132	
17.25	0.5210578213701776	0.4789421786298206	
17.3	0.5172845097884445	0.4827154902115532	
17.35	0.5132220020172981	0.4867779979827002	
17.4	0.5088808252015506	0.4911191747984479	
17.45	0.5042728440315232	0.49572715596847583	
17.5	0.4994112278647258	0.5005887721352731	
17.55	0.4943104128460916	0.5056895871539077	
17.6	0.48898605912871856	0.5110139408712808	
17.65	0.48345500331472296	0.5165449966852766	
17.7	0.4777352062532393	0.52226479374676	
17.75	0.47184569634983065	0.5281543036501688	
17.8	0.4658065085584738	0.5341934914415254	
17.85	0.45963861924378663	0.5403613807562127	
17.9	0.4533638771171926	0.5466361228828068	
17.95	0.4470049304661736	0.5529950695338257	
18.0	0.4405851509105758	0.5594148490894235	
18.05	0.4341285539340075	0.5658714460659918	
18.1	0.4276597164516364	0.5723402835483632	
18.15	0.42120369168806315	0.5787963083119367	
18.2	0.4147859216503589	0.5852140783496408	
18.25	0.40843214749172796	0.5915678525082724	
18.3	0.4021683180705296	0.5978316819294706	
18.35	0.3960204970175359	0.603979502982464	
18.4	0.3900147686312082	0.6099852313687915	
18.45	0.3841771429264807	0.6158228570735191	
18.5	0.3785334601669526	0.6214665398330472	
18.55	0.3731092952135176	0.6268907047864826	
18.6	0.3679298620242849	0.6320701379757152	
18.65	0.3630199186411621	0.6369800813588378	
18.7	0.35840367299768816	0.6415963270023116	
18.75	0.35410468988063	0.6458953101193696	
18.8	0.3501457993745317	0.6498542006254682	
18.85	0.3465490071138304	0.6534509928861691	
18.9	0.34333540666140655	0.6566645933385931	
18.95	0.3405250943255239	0.6594749056744755	
19.0	0.3381370867191212	0.6618629132808783	
19.05	0.33618924135636796	0.6638107586436317	
19.1	0.33469818057138306	0.6653018194286165	
19.15	0.3336792190330667	0.6663207809669327	
19.2	0.3331462951182052	0.666853704881794	
19.25	0.33311190639242333	0.6668880936075764	
19.3	0.33358704943524775	0.6664129505647517	
19.35	0.3345811642315844	0.6654188357684147	
19.4	0.3361020833373449	0.6638979166626541	
19.45	0.3381559860118599	0.6618440139881389	
19.5	0.34074735749414503	0.6592526425058539	
19.55	0.343878953584081	0.656121046415918	
19.6	0.3475517706732074	0.6524482293267908	
19.65	0.3517650213531269	0.6482349786468712	
19.7	0.35651611571254666	0.6434838842874514	
19.75	0.36180064841676773	0.63819935158323	
19.8	0.3676123916460073	0.6323876083539899	
19.85	0.37394329395135134	0.6260567060486455	
19.9	0.3807834850693943	0.619216514930602	
19.95	0.38812128671877916	0.6118787132812173	
20.0	0.3959432293839097	0.6040567706160865	
20.05	0.4042340750731147	0.5957659249268817	
20.1	0.41297684602049933	0.5870231539794972	
20.15	0.4221528592826785	0.5778471407173181	
20.2	0.4317417671635462	0.5682582328364503	
20.25	0.44172160338224487	0.558278396617752	
20.3	0.45206883488157307	0.5479311651184235	
20.35	0.46275841915625904	0.5372415808437372	
20.4	0.4737638669628407	0.5262361330371559	
20.45	0.4850573102554052	0.5149426897445913	
20.5	0.4966095751741656	0.5033904248258314	
20.55	0.5083902598968464	0.49160974010315084	
20.6	0.5203678171461836	0.47963218285381376	
20.65	0.5325096411305406	0.4674903588694567	
20.7	0.5447821586787883	0.4552178413212094	
20.75	0.5571509243152412	0.4428490756847566	
20.8	0.5695807190056649	0.43041928099433285	
20.85	0.5820356522912147	0.4179643477087832	
20.9	0.5944792675137287	0.4055207324862696	
20.95	0.6068746498231444	0.39312535017685346	
21.0	0.6191845366459924	0.3808154633540055	
21.05	0.6313714302830242	0.36862856971697333	
21.1	0.6433977122941479	0.3566022877058495	
21.15	0.6552257593199693	0.3447742406800284	
21.2	0.6668180599815262	0.3331819400184711	
21.25	0.6781373324932323	0.3218626675067651	
21.3	0.6891466426186995	0.31085335738129766	
21.35	0.6998095215950622	0.300190478404935	
21.4	0.710090083648641	0.28990991635135605	
21.45	0.7199531427233803	0.280046857276617	
21.5	0.7293643280434166	0.27063567195658067	
21.55	0.7382901981324577	0.26170980186753945	
21.6	0.7466983529153398	0.2533016470846571	
21.65	0.754557543531195	0.245442456468802	
21.7	0.7618377794930983	0.2381622205068989	
21.75	0.7685104328358352	0.23148956716416175	
21.8	0.7745483389015185	0.2254516610984784	
21.85	0.7799258934221377	0.22007410657785922	
21.9	0.7846191455687301	0.21538085443126664	
21.95	0.7886058866486221	0.21139411335137467	
22.0	0.7918657341450819	0.20813426585491493	
22.05	0.7943802108076792	0.2056197891923177	
22.1	0.79613281851658	0.2038671814834172	
22.15	0.7971091066598616	0.20289089334013563	
22.2	0.7972967347796409	0.20270326522035648	
22.25	0.7966855292602693	0.20331447073972805	
22.3	0.7952675338500224	0.2047324661499747	
22.35	0.7930370538264833	0.20696294617351393	
22.4	0.7899906936351383	0.21000930636485907	
22.45	0.7861273878504966	0.21387261214950104	
22.5	0.7814484253292096	0.21855157467078784	
22.55	0.7759574664451772	0.22404253355482032	
22.6	0.7696605533173694	0.23033944668262804	
22.65	0.7625661129620538	0.23743388703794352	
22.7	0.754684953322177	0.24531504667782006	
22.75	0.7460302521478094	0.2539697478521875	
22.8	0.736617538722722	0.26338246127727455	
22.85	0.7264646684533035	0.27353533154669324	
22.9	0.7155917903570754	0.2844082096429216	
22.95	0.7040213075090029	0.29597869249099407	
23.0	0.6917778305245551	0.30822216947544173	
23.05	0.6788881241790278	0.3211118758209691	
23.1	0.6653810472829548	0.33461895271704256	
23.15	0.6512874859534573	0.34871251404653975	
23.2	0.6366402804410916	0.3633597195589059	
23.25	0.6214741456910815	0.3785258543089154	
23.3	0.6058255858368046	0.39417441416319204	
23.35	0.5897328028418695	0.41026719715812726	
23.4	0.573235599525196	0.426764400474801	
23.45	0.5563752772210063	0.443624722778991	
23.5	0.5391945283425967	0.46080547165740077	
23.55	0.5217373241351201	0.47826267586487714	
23.6	0.5040487979182959	0.4959512020817013	
23.65	0.4861751241349741	0.5138248758650232	
23.7	0.46816339353572134	0.5318366064642756	
23.75	0.45006148484304354	0.5499385151569535	
23.8	0.43191793325144423	0.5680820667485529	
23.85	0.4137817961312007	0.586218203868797	
23.9	0.39570251631445347	0.6042974836855446	
23.95	0.37772978335190754	0.62227021664809	
24.0	0.35991339313707604	0.6400866068629215	
24.05	0.34230310630251265	0.6576968936974849	
24.1	0.3249485057988326	0.6750514942011648	
24.15	0.30789885407246037	0.6921011459275368	
24.2	0.2912029502619396	0.7087970497380577	
24.25	0.27490898783524087	0.7250910121647564	
24.3	0.25906441309179706	0.7409355869082002	
24.35	0.24371578495294105	0.7562842150470563	
24.4	0.22890863646300794	0.7710913635369888	
24.45	0.2146873384205733	0.7853126615794231	
24.5	0.20109496555513837	0.798905034444858	
24.55	0.18817316565902545	0.8118268343409711	
24.6	0.17596203207733513	0.8240379679226616	
24.65	0.16449997995055526	0.8355000200494418	
24.7	0.15382362659481869	0.8461763734051783	
24.75	0.14396767639391778	0.8560323236060787	
24.8	0.1349648105650336	0.8650351894349627	
24.85	0.12684558214677452	0.8731544178532216	
24.9	0.1196383165435871	0.8803616834564091	
24.95	0.11336901794495964	0.8866309820550365	
25.0	0.10806128192115085	0.8919387180788454	
25.05	0.10373621447949515	0.8962637855205011	
25.1	0.10041235784674768	0.8995876421532485	
25.15	0.09810562322348843	0.9018943767765079	
25.2	0.09682923073639663	0.9031707692636002	
25.25	0.09659365679329697	0.9034063432066997	
25.3	0.09740658902434972	0.902593410975647	
25.35	0.09927288897068268	0.9007271110293138	
25.4	0.10219456265922108	0.8978054373407756	
25.45	0.1061707391795349	0.893829260820462	
25.5	0.1111976573552697	0.888802342644727	
25.55	0.11726866057922639	0.8827313394207702	
25.6	0.12437419985748052	0.875625800142516	
25.65	0.1325018450841508	0.8674981549158459	
25.7	0.14163630454460582	0.8583636954553909	
25.75	0.15175945262110488	0.8482405473788921	
25.8	0.16285036565116046	0.8371496343488357	
25.85	0.1748853658653528	0.8251146341346431	
25.9	0.18783807330797414	0.8121619266920216	
25.95	0.20167946562079367	0.7983205343792024	
26.0	0.21637794554746068	0.7836220544525355	
26.05	0.23189941599366737	0.7681005840063292	
26.1	0.24820736245621458	0.751792637543782	
26.15	0.2652629426126275	0.7347370573873688	
26.2	0.2830250828419915	0.7169749171580051	
26.25	0.3014505814272844	0.6985494185727122	
26.3	0.3204942181697132	0.6795057818302838	
26.35	0.3401088701264663	0.6598911298735304	
26.4	0.36024563316493885	0.6397543668350582	
26.45	0.38085394900888647	0.6191460509911104	
26.5	0.4018817374352217	0.5981182625647754	
26.55	0.42327553326427336	0.5767244667357235	
26.6	0.44498062777138586	0.5550193722286109	
26.65	0.46694121413375844	0.5330587858662384	
26.7	0.4891005365134714	0.5108994634865254	
26.75	0.5114010423657855	0.4885989576342115	
26.8	0.5337845375510323	0.46621546244896483	
26.85	0.5561923438188369	0.4438076561811599	
26.9	0.5785654582250322	0.4214345417749644	
26.95	0.6008447140344778	0.39915528596551836	
27.0	0.6229709426571671	0.3770290573428287	
27.05	0.6448851361604466	0.3551148638395487	
27.1	0.6665286098969956	0.333471390103	
27.15	0.6878431647863762	0.31215683521361925	
27.2	0.7087712487875295	0.2912287512124662	
27.25	0.7292561171005434	0.2707438828994525	
27.3	0.7492419906383805	0.2507580093616153	
27.35	0.7686742123130215	0.2313257876869741	
27.4	0.7874994006856406	0.21250059931435514	
27.45	0.8056656005369888	0.19433439946300693	
27.5	0.8231224299220874	0.17687757007790855	
27.55	0.8398212232825989	0.16017877671739686	
27.6	0.8557151702008441	0.14428482979915172	
27.65	0.8707594493912882	0.12924055060870746	
27.7	0.8849113575384431	0.1150886424615527	
27.75	0.8981304326044166	0.10186956739557905	
27.8	0.9103785712447968	0.08962142875519886	
27.85	0.9216201399880651	0.07837986001193024	
27.9	0.9318220798512982	0.06817792014869696	
27.95	0.9409540040834127	0.059045995916582134	
28.0	0.9489882887466262	0.05101171125336836	
28.05	0.9559001558670307	0.04409984413296391	
28.1	0.9616677489061733	0.038332251093821636	
28.15	0.9662722003272183	0.03372779967277655	
28.2	0.9696976910515661	0.03030230894842865	
28.25	0.9719315016246436	0.028068498375351195	
28.3	0.9729640549329129	0.02703594506708187	
28.35	0.9727889503378724	0.02721104966212251	
28.4	0.9714029891168914	0.028597010883103548	
28.45	0.9688061911250677	0.0311938088749268	
28.5	0.965001802616842	0.03499819738315223	
28.55	0.9599962951907909	0.040003704809203	
28.6	0.9537993558458003	0.04620064415419374	
28.65	0.9464238681615968	0.053576131838397344	
28.7	0.9378858846413747	0.062114115358619416	
28.75	0.9282045902788925	0.07179540972110111	
28.8	0.9174022574369114	0.08259774256308199	
28.85	0.9055041921481161	0.0944958078518773	
28.9	0.8925386719736734	0.10746132802631984	
28.95	0.8785368755782587	0.1214631244217345	
29.0	0.863532804203676	0.13646719579631686	
29.05	0.8475631952460678	0.15243680475392507	
29.1	0.8306674281640669	0.16933257183592598	
29.15	0.8128874229670721	0.18711257703292056	
29.2	0.794267531554033	0.20573246844595972	
29.25	0.774854422193673	0.22514557780631944	
29.3	0.7546969574569132	0.24530304254307853	
29.35	0.7338460659312889	0.2661539340687031	
29.4	0.712354608065351	0.2876453919346412	
29.45	0.6902772365083575	0.3097227634916351	
29.5	0.6676702513268783	0.3323297486731142	
29.55	0.6445914504952753	0.3554085495047174	
29.6	0.6210999760712522	0.37890002392873995	
29.65	0.5972561564807954	0.4027438435191964	
29.7	0.5731213453487372	0.426878654651254	
29.75	0.5487577573218815	0.45124224267810903	
29.8	0.5242283013410196	0.4757716986589709	
29.85	0.4995964118262447	0.500403588173746	
29.9	0.4749258782466772	0.5250741217533136	
29.95	0.4502806735509997	0.5497193264489912	
