0.0 	1.0	0.0	
0.05 	0.9993875027180523	0.0006124972819478017	
0.1 	0.9975326298467334	0.0024673701532670366	
0.15 	0.9944583013150484	0.005541698684952197	
0.2 	0.990202103538862	0.009797896461138857	
0.25 	0.9848151991827994	0.01518480081720144	
0.3 	0.9783609021376425	0.02163909786235832	
0.35 	0.9709130107316929	0.029086989268307713	
0.4 	0.9625540038631163	0.037445996136884194	
0.45 	0.9533732074178126	0.046626792582188104	
0.5 	0.9434650322558624	0.056534967744138256	
0.55 	0.9329273712704246	0.06707262872957616	
0.6 	0.921860223239179	0.07813977676082179	
0.65 	0.9103645874701298	0.08963541252987109	
0.7 	0.8985416477702335	0.1014583522297671	
0.75 	0.8864922390864074	0.11350776091359284	
0.8 	0.8743165670233247	0.12568343297667545	
0.85 	0.8621141306564729	0.13788586934352748	
0.9 	0.8499837835182534	0.15001621648174662	
0.95 	0.8380238568278362	0.16197614317216386	
1.0 	0.8263322631410709	0.17366773685892956	
1.05 	0.815006497594421	0.18499350240557957	
1.1 	0.8041434576916426	0.19585654230835806	
1.15 	0.793839011003898	0.20616098899610283	
1.2 	0.7841872531157037	0.21581274688429677	
1.25 	0.7752794155531363	0.22472058444686463	
1.3 	0.767202405127719	0.2327975948722817	
1.35 	0.7600369818148119	0.23996301818518898	
1.4 	0.7538556113701856	0.24614438862981555	
1.45 	0.7487200603674117	0.25127993963258966	
1.5 	0.7446788336807213	0.2553211663192802	
1.55 	0.741764585531089	0.2582354144689124	
1.6 	0.7399916623905158	0.26000833760948544	
1.65 	0.7393539562102803	0.260646043789721	
1.7 	0.7398232563384644	0.26017674366153654	
1.75 	0.7413482850443122	0.25865171495568906	
1.8 	0.7438545823370353	0.256145417662966	
1.85 	0.7472453694537956	0.2527546305462055	
1.9 	0.7514034672922286	0.2485965327077724	
1.95 	0.7561942784187674	0.24380572158123384	
2.0 	0.7614697634255427	0.23853023657445838	
2.05 	0.76707326061878	0.2329267393812208	
2.1 	0.7728449200771521	0.2271550799228486	
2.15 	0.7786274575146681	0.22137254248533292	
2.2 	0.7842718883074591	0.2157281116925421	
2.25 	0.7896428842291223	0.21035711577087884	
2.3 	0.7946234090616059	0.20537659093839528	
2.35 	0.7991183350741119	0.2008816649258896	
2.4 	0.8030568173144665	0.196943182685535	
2.45 	0.8063932999301567	0.19360670006984504	
2.5 	0.8091071384909055	0.19089286150909598	
2.55 	0.811200932857663	0.18879906714233852	
2.6 	0.8126977645946852	0.18730223540531668	
2.65 	0.8136376106790054	0.18636238932099664	
2.7 	0.8140732535776851	0.1859267464223169	
2.75 	0.8140660227408747	0.1859339772591272	
2.8 	0.8136816845686383	0.1863183154313639	
2.85 	0.8129867513398911	0.18701324866011113	
2.9 	0.8120454119966112	0.18795458800339057	
2.95 	0.8109172084964537	0.1890827915035483	
3.0 	0.8096555005472077	0.19034449945279427	
3.05 	0.8083066878208539	0.1916933121791477	
3.1 	0.8069100990691301	0.1930899009308712	
3.15 	0.8054984160933599	0.19450158390664146	
3.2 	0.8040984785879661	0.1959015214120358	
3.25 	0.8027323122674633	0.19726768773253875	
3.3 	0.8014182342689997	0.19858176573100259	
3.35 	0.8001719123339793	0.19982808766602292	
3.4 	0.7990072831164706	0.20099271688353187	
3.45 	0.7979372658882301	0.20206273411177234	
3.5 	0.7969742374698311	0.20302576253017127	
3.55 	0.7961302600286635	0.20386973997133875	
3.6 	0.7954170741422497	0.2045829258577527	
3.65 	0.794845884865595	0.20515411513440754	
3.7 	0.7944269788025151	0.20557302119748763	
3.75 	0.7941692161277119	0.20583078387229117	
3.8 	0.7940794440707215	0.20592055592928152	
3.85 	0.7941618784467125	0.20583812155329032	
3.9 	0.7944174981172683	0.20558250188273428	
3.95 	0.7948434942590364	0.20515650574096606	
4.0 	0.7954328122373723	0.20456718776263025	
4.05 	0.7961738187561869	0.2038261812438158	
4.1 	0.797050120695106	0.20294987930489686	
4.15 	0.7980405545352959	0.20195944546470698	
4.2 	0.7991193564665314	0.20088064353347157	
4.25 	0.8002565132562808	0.19974348674372222	
4.3 	0.8014182830441445	0.1985817169558582	
4.35 	0.8025678639250987	0.19743213607490437	
4.4 	0.8036661772399463	0.19633382276005684	
4.45 	0.8046727228026097	0.19532727719739337	
4.5 	0.8055464558415827	0.19445354415842034	
4.55 	0.8062466311625619	0.19375336883744163	
4.6 	0.8067335597324573	0.19326644026754655	
4.65 	0.8069692270309562	0.19303077296904764	
4.7 	0.8069177312038032	0.193082268796201	
4.75 	0.8065455119033946	0.1934544880966093	
4.8 	0.8058213568590281	0.19417864314097588	
4.85 	0.8047161913972772	0.19528380860272707	
4.9 	0.803202674741925	0.19679732525807964	
4.95 	0.8012546442378773	0.1987453557621275	
5.0 	0.7988464630100068	0.20115353698999822	
5.05 	0.7959523366076044	0.20404766339240063	
5.1 	0.7925456689708859	0.20745433102911967	
5.15 	0.7885985272257959	0.21140147277420943	
5.2 	0.7840812786027174	0.21591872139728754	
5.25 	0.7789624519603455	0.22103754803965947	
5.3 	0.7732088621599968	0.22679113784000782	
5.35 	0.766786019273473	0.2332139807265317	
5.4 	0.7596588277154155	0.24034117228458904	
5.45 	0.7517925640704516	0.24820743592955263	
5.5 	0.743154107501302	0.2568458924987024	
5.55 	0.733713383641189	0.26628661635881534	
5.6 	0.7234449718810588	0.2765550281189457	
5.65 	0.7123298167764068	0.28767018322359794	
5.7 	0.7003569766265171	0.2996430233734876	
5.75 	0.6875253358992173	0.3124746641007872	
5.8 	0.6738452031011378	0.3261547968988669	
5.85 	0.6593397122839447	0.34066028771605944	
5.9 	0.6440459453527951	0.3559540546472087	
5.95 	0.6280156947137226	0.37198430528628107	
6.0 	0.6113157926884181	0.3886842073115854	
6.05 	0.5940279465408624	0.40597205345914117	
6.1 	0.576248036509066	0.42375196349093786	
6.15 	0.5580848588802665	0.44191514111973706	
6.2 	0.5396583260298029	0.46034167397020026	
6.25 	0.5210971687194083	0.47890283128059485	
6.3 	0.5025362202777134	0.4974637797222896	
6.35 	0.4841133944558398	0.5158866055441631	
6.4 	0.4659664954459245	0.5340335045540782	
6.45 	0.44823001667321116	0.5517699833267914	
6.5 	0.43103209208451165	0.568967907915491	
6.55 	0.41449175834922375	0.585508241650779	
6.6 	0.3987166685268491	0.6012833314731536	
6.65 	0.38380136853913305	0.6161986314608698	
6.7 	0.3698262096368525	0.6301737903631504	
6.75 	0.3568569263239233	0.6431430736760799	
6.8 	0.34494486377079425	0.6550551362292089	
6.85 	0.3341277955496329	0.6658722044503702	
6.9 	0.32443123509991545	0.675568764900088	
6.95 	0.31587011546910926	0.6841298845308939	
7.0 	0.3084506933491934	0.6915493066508098	
7.05 	0.30217252592479155	0.6978274740752117	
7.1 	0.29703037219039763	0.7029696278096058	
7.15 	0.2930158829322071	0.7069841170677965	
7.2 	0.29011896363601153	0.7098810363639924	
7.25 	0.2883287199921176	0.7116712800078859	
7.3 	0.28763392422070694	0.7123660757792959	
7.35 	0.2880229701770253	0.7119770298229776	
7.4 	0.2894833145812526	0.7105166854187505	
7.45 	0.292000429735462	0.7079995702645406	
7.5 	0.2955563192291084	0.7044436807708941	
7.55 	0.30012767228540915	0.6998723277145936	
7.6 	0.30568375467044145	0.6943162453295614	
7.65 	0.3121841545630152	0.6878158454369881	
7.7 	0.3195765202897336	0.6804234797102701	
7.75 	0.32779444271145025	0.6722055572885535	
7.8 	0.336755647037472	0.6632443529625319	
7.85 	0.34636066504875845	0.6536393349512457	
7.9 	0.35649215674532264	0.6435078432546815	
7.95 	0.36701503771088634	0.6329849622891178	
8.0 	0.3777775426595656	0.6222224573404387	
8.05 	0.3886133151125364	0.6113866848874678	
8.1 	0.39934455769005117	0.6006554423099527	
8.15 	0.4097862086524102	0.5902137913475939	
8.2 	0.4197510317666735	0.5802489682333304	
8.25 	0.42905542416474496	0.5709445758352593	
8.3 	0.4375256683000328	0.5624743316999714	
8.35 	0.44500428827979865	0.5549957117202055	
8.4 	0.4513561267623625	0.5486438732376415	
8.45 	0.4564737441487778	0.5435262558512265	
8.5 	0.46028176239891155	0.5397182376010927	
8.55 	0.46273983327130386	0.5372601667287001	
8.6 	0.46384400253627295	0.5361559974637309	
8.65 	0.4636263605701855	0.5363736394298179	
8.7 	0.462153004468548	0.5378469955314553	
8.75 	0.4595204733347208	0.5404795266652829	
8.8 	0.4558509415648281	0.5441490584351752	
8.85 	0.45128655063121303	0.5487134493687904	
8.9 	0.4459833169961191	0.5540166830038844	
8.95 	0.4401050659872911	0.5598949340127128	
9.0 	0.43381780799373776	0.566182192006266	
9.05 	0.4272848991505927	0.5727151008494108	
9.1 	0.4206632236274919	0.5793367763725117	
9.15 	0.41410051193258485	0.5858994880674189	
9.2 	0.40773378392568804	0.5922662160743154	
9.25 	0.40168879052175804	0.598311209478246	
9.3 	0.3960802360232809	0.6039197639767229	
9.35 	0.3910125017323674	0.6089874982676364	
9.4 	0.38658056490583753	0.6134194350941665	
9.45 	0.38287081511774684	0.6171291848822571	
9.5 	0.37996150910709336	0.62003849089291	
9.55 	0.3779226690713497	0.622077330928654	
9.6 	0.37681531040198296	0.623184689598021	
9.65 	0.37668997466567533	0.6233100253343286	
9.7 	0.3775846339008399	0.6224153660991644	
9.75 	0.3795221153061665	0.6204778846938374	
9.8 	0.3825072643961615	0.6174927356038424	
9.85 	0.38652411418574256	0.6134758858142614	
9.9 	0.39153335394136135	0.608466646058643	
9.95 	0.39747039125278866	0.6025296087472153	
10.0 	0.40424427537240115	0.5957557246276027	
10.05 	0.4117376997963142	0.5882623002036896	
10.1 	0.41980823188488126	0.5801917681151227	
10.15 	0.428290832751372	0.5717091672486321	
10.2 	0.43700163885128807	0.5629983611487162	
10.25 	0.44574288548427987	0.5542571145157242	
10.3 	0.454308769388099	0.5456912306119055	
10.35 	0.46249197936250946	0.5375080206374953	
10.4 	0.47009057533850745	0.5299094246614972	
10.45 	0.47691487035289676	0.5230851296471086	
10.5 	0.4827939671818434	0.5172060328181621	
10.55 	0.48758162066168204	0.5124183793383231	
10.6 	0.4911611352100596	0.5088388647899457	
10.65 	0.4934490610395718	0.5065509389604332	
10.7 	0.49439751790968567	0.505602482090319	
10.75 	0.4939950478856117	0.5060049521143929	
10.8 	0.4922659746081381	0.5077340253918664	
10.85 	0.48926832246692586	0.5107316775330786	
10.9 	0.485090421464519	0.5149095785354854	
10.95 	0.47984638919472766	0.5201536108052764	
11.0 	0.4736707369759617	0.5263292630240425	
11.05 	0.4667123895704783	0.5332876104295257	
11.1 	0.4591284341463644	0.5408715658536396	
11.15 	0.45107792189185925	0.548922078108145	
11.2 	0.4427160337279233	0.557283966272081	
11.25 	0.43418889011166056	0.5658111098883438	
11.3 	0.4256292359374654	0.5743707640625385	
11.35 	0.41715316873203384	0.58284683126797	
11.4 	0.40885800689249185	0.5911419931075118	
11.45 	0.4008213207589268	0.5991786792410769	
11.5 	0.393101079158407	0.6068989208415964	
11.55 	0.3857368033885623	0.614263196611441	
11.6 	0.3787515737208097	0.6212484262791935	
11.65 	0.3721547027663267	0.6278452972336768	
11.7 	0.3659448756803689	0.6340551243196343	
11.75 	0.36011355738237066	0.6398864426176327	
11.8 	0.35464847838882047	0.6453515216111829	
11.85 	0.3495370293038262	0.6504629706961772	
11.9 	0.34476941528958227	0.6552305847104212	
11.95 	0.34034144252638954	0.6596585574736139	
12.0 	0.33625682673610074	0.6637431732639024	
12.05 	0.33252892894780284	0.6674710710522002	
12.1 	0.32918183714868854	0.6708181628513146	
12.15 	0.32625072686589	0.673749273134113	
12.2 	0.32378145222921945	0.6762185477707834	
12.25 	0.32182934457501555	0.6781706554249872	
12.3 	0.3204572299678653	0.6795427700321377	
12.35 	0.3197327201523988	0.6802672798476042	
12.4 	0.3197248812567123	0.6802751187432906	
12.45 	0.3205004367942226	0.6794995632057803	
12.5 	0.3221197102655749	0.6778802897344274	
12.55 	0.32463255129727275	0.6753674487027295	
12.6 	0.32807451145941097	0.6719254885405911	
12.65 	0.33246353684926666	0.6675364631507352	
12.7 	0.3377974218059535	0.6622025781940482	
12.75 	0.3440522223227105	0.6559477776772914	
12.8 	0.35118176248866706	0.648818237511335	
12.85 	0.3591182888457933	0.6408817111542089	
12.9 	0.36777424379177054	0.6322257562082317	
12.95 	0.3770450485123363	0.6229549514876659	
13.0 	0.3868127161219722	0.6131872838780301	
13.05 	0.3969500627741422	0.6030499372258603	
13.1 	0.40732525217092086	0.5926747478290809	
13.15 	0.41780639828928756	0.5821936017107144	
13.2 	0.4282659610124607	0.5717340389875417	
13.25 	0.4385846966336626	0.5614153033663396	
13.3 	0.4486549656820156	0.5513450343179864	
13.35 	0.45838324961172794	0.5416167503882743	
13.4 	0.4676917812419806	0.5323082187580215	
13.45 	0.4765192477502383	0.5234807522497641	
13.5 	0.48482057668383804	0.5151794233161647	
13.55 	0.49256586288790705	0.5074341371120961	
13.6 	0.49973853615417146	0.5002614638458314	
13.65 	0.5063329049128662	0.49366709508713663	
13.7 	0.5123512397490354	0.48764876025096776	
13.75 	0.5178005812632057	0.48219941873679756	
13.8 	0.5226894690763046	0.4773105309236986	
13.85 	0.5270247918234505	0.47297520817655264	
13.9 	0.5308089511327254	0.469191048867278	
13.95 	0.5340375155297336	0.46596248447027033	
14.0 	0.5366975131928975	0.4633024868071063	
14.05 	0.5387664764387949	0.4612335235612086	
14.1 	0.5402123073619143	0.45978769263808855	
14.15 	0.5409939854171567	0.45900601458284684	
14.2 	0.5410630866332418	0.45893691336676157	
14.25 	0.5403660336523164	0.45963396634768666	
14.3 	0.5388469491663647	0.46115305083363795	
14.35 	0.536450945810197	0.46354905418980547	
14.4 	0.5331276561698982	0.46687234383010434	
14.45 	0.5288347897704236	0.47116521022957836	
14.5 	0.5235415014464947	0.47645849855350686	
14.55 	0.5172313680864657	0.4827686319135357	
14.6 	0.5099047978815081	0.4900952021184931	
14.65 	0.5015807361880812	0.4984192638119204	
14.7 	0.49229758204864366	0.5077024179513578	
14.75 	0.48211328545660576	0.5178867145433956	
14.8 	0.47110465298497145	0.5288953470150296	
14.85 	0.45936594342675874	0.5406340565732423	
14.9 	0.4470068807720772	0.5529931192279234	
14.95 	0.43415024507301114	0.5658497549269895	
15.0 	0.4209292196498216	0.5790707803501794	
15.05 	0.4074846742724399	0.592515325727561	
15.1 	0.39396254854391	0.6060374514560911	
15.15 	0.380511469337091	0.6194885306629105	
15.2 	0.36728069378300277	0.6327193062169988	
15.25 	0.3544184191270971	0.6455815808729044	
15.3 	0.3420704477217475	0.6579295522782534	
15.35 	0.3303791448209621	0.669620855179039	
15.4 	0.3194825838018761	0.6805174161981252	
15.45 	0.30951374233619616	0.690486257663805	
15.5 	0.3005995970991033	0.6994004029008979	
15.55 	0.29285996571187545	0.7071400342881256	
15.6 	0.28640596333264384	0.7135940366673571	
15.65 	0.2813379770225436	0.7186620229774572	
15.7 	0.2777431119999195	0.7222568880000816	
15.75 	0.2756921272712483	0.724307872728753	
15.8 	0.2752359497368639	0.7247640502631371	
15.85 	0.2764019301748727	0.7235980698251283	
15.9 	0.27919007453838196	0.7208099254616188	
15.95 	0.283569541525964	0.716430458474037	
16.0 	0.289475733659895	0.7105242663401057	
16.05 	0.29680831643071787	0.703191683569283	
16.1 	0.3054304737060232	0.6945695262939777	
16.15 	0.31516964719573154	0.6848303528042695	
16.2 	0.3258199177618559	0.6741800822381454	
16.25 	0.3371460758164311	0.6628539241835703	
16.3 	0.34888931001730444	0.651110689982697	
16.35 	0.36077433301579515	0.6392256669842057	
16.4 	0.37251767284106957	0.6274823271589313	
16.45 	0.3838367934676539	0.6161632065323469	
16.5 	0.39445966276233785	0.6055403372376632	
16.55 	0.40413434916441465	0.5958656508355867	
16.6 	0.41263819366559307	0.5873618063344079	
16.65 	0.41978607856082395	0.5802139214391769	
16.7 	0.4254373208230074	0.5745626791769932	
16.75 	0.4295007799484415	0.5704992200515595	
16.8 	0.431937896290669	0.5680621037093321	
16.85 	0.43276354572211145	0.5672364542778896	
16.9 	0.4320447612907527	0.5679552387092488	
16.95 	0.4298974764620167	0.5701025235379847	
17.0 	0.42648146007870996	0.5735185399212916	
17.05 	0.4219935713885482	0.5780064286114533	
17.1 	0.41665945001084315	0.5833405499891583	
17.15 	0.4107238602462671	0.5892761397537346	
17.2 	0.404440152502287	0.595559847497715	
17.25 	0.39805959600074675	0.601940403999255	
17.3 	0.39182150581658237	0.6081784941834191	
17.35 	0.3859449876873976	0.614055012312604	
17.4 	0.3806227502367188	0.6193772497632829	
17.45 	0.3760169589045964	0.6239830410954059	
17.5 	0.3722567891855441	0.6277432108144584	
17.55 	0.36943735113293996	0.6305626488670627	
17.6 	0.3676199506062549	0.6323800493937476	
17.65 	0.36683395888305415	0.633166041116948	
17.7 	0.36708056003687695	0.6329194399631254	
17.75 	0.36833817896511506	0.6316618210348872	
17.8 	0.37056863129442774	0.6294313687055744	
17.85 	0.37372246854190067	0.6262775314581018	
17.9 	0.3777421877335855	0.6222578122664171	
17.95 	0.38256316156543413	0.6174368384345684	
18.0 	0.38811384489690076	0.6118861551031024	
18.05 	0.3943178867891441	0.605682113210859	
18.1 	0.4011000451081905	0.5988999548918126	
18.15 	0.40839499132930196	0.5916050086707004	
18.2 	0.4161545014767001	0.5838454985233027	
18.25 	0.4243467377654858	0.5756532622345171	
18.3 	0.432943760517884	0.567056239482119	
18.35 	0.44190028409431886	0.5580997159056844	
18.4 	0.4511346862506655	0.5488653137493373	
18.45 	0.4605264971877989	0.5394735028122043	
18.5 	0.4699382107384052	0.5300617892615975	
18.55 	0.4792541553411193	0.5207458446588832	
18.6 	0.4884138562564911	0.5115861437435117	
18.65 	0.4974141057839794	0.5025858942160234	
18.7 	0.5062699704306711	0.4937300295693317	
18.75 	0.514954037825822	0.4850459621741804	
18.8 	0.5233561955868848	0.476643804413118	
18.85 	0.5313026814785842	0.4686973185214185	
18.9 	0.5386378526072858	0.4613621473927171	
18.95 	0.5453237458632594	0.45467625413674356	
19.0 	0.5514846760076563	0.4485153239923467	
19.05 	0.5573423994877108	0.4426576005122926	
19.1 	0.5630481281541102	0.43695187184589335	
19.15 	0.5684864529821407	0.4315135470178626	
19.2 	0.5731594379307767	0.426840562069227	
19.25 	0.5762336659958753	0.4237663340041284	
19.3 	0.5767610831378713	0.42323891686213216	
19.35 	0.5740036098568185	0.42599639014318524	
19.4 	0.5677402852669973	0.43225971473300645	
19.45 	0.558434199422478	0.441565800577526	
19.5 	0.5471809965253902	0.45281900347461435	
19.55 	0.535432334898832	0.46456766510117237	
19.6 	0.5245666151527862	0.4754333848472181	
19.65 	0.5154519124744512	0.48454808752555334	
19.7 	0.5081920237836386	0.4918079762163657	
19.75 	0.5022201742144222	0.497779825785582	
19.8 	0.49675493617911237	0.5032450638208923	
19.85 	0.4913802605966883	0.5086197394033157	
19.9 	0.4863168087577039	0.5136831912423004	
19.95 	0.4820483007211896	0.5179516992788146	
