0.0 	1.0	0.0	
0.05 	0.9993871276576063	0.0006128723423937084	
0.1 	0.9975265291202814	0.002473470879718644	
0.15 	0.9944274335843886	0.005572566415611524	
0.2 	0.9901052178098991	0.00989478219010053	
0.25 	0.9845812742142726	0.015418725785727179	
0.3 	0.9778828300039498	0.02211716999604951	
0.35 	0.970042721504996	0.029957278495003375	
0.4 	0.9610991287772482	0.038900871222751016	
0.45 	0.9510952763263977	0.04890472367360142	
0.5 	0.9400791062410331	0.05992089375896614	
0.55 	0.9281029303618764	0.07189706963812252	
0.6 	0.9152230681331974	0.08477693186680114	
0.65 	0.9014994765965614	0.09850052340343746	
0.7 	0.8869953785787752	0.11300462142122361	
0.75 	0.8717768945214838	0.12822310547851534	
0.8 	0.8559126826285458	0.1440873173714536	
0.85 	0.8394735911037379	0.1605264088962614	
0.9 	0.8225323252536806	0.1774676747463189	
0.95 	0.8051631311794525	0.19483686882054738	
1.0 	0.7874414967157918	0.21255850328420828	
1.05 	0.7694438692386366	0.23055613076136355	
1.1 	0.7512473889872956	0.24875261101270435	
1.15 	0.7329296356706573	0.2670703643293429	
1.2 	0.7145683853772415	0.2854316146227579	
1.25 	0.6962413742115852	0.3037586257884144	
1.3 	0.6780260646541683	0.32197393534583146	
1.35 	0.6599994104033735	0.3400005895966264	
1.4 	0.642237615414601	0.3577623845853986	
1.45 	0.6248158830070893	0.37518411699291015	
1.5 	0.6078081512609386	0.3921918487390608	
1.55 	0.5912868114676066	0.4087131885323922	
1.6 	0.5753224071135559	0.42467759288644297	
1.65 	0.5599833117502416	0.4400166882497577	
1.7 	0.5453353851105536	0.454664614889446	
1.75 	0.5314416079434516	0.4685583920565475	
1.8 	0.5183616972216665	0.4816383027783328	
1.85 	0.5061517045946434	0.4938482954053557	
1.9 	0.4948636021698807	0.5051363978301183	
1.95 	0.4845448608674458	0.515455139132553	
2.0 	0.47523802766083506	0.5247619723391638	
2.05 	0.4669803089486802	0.5330196910513185	
2.1 	0.4598031680544641	0.5401968319455347	
2.15 	0.4537319453873852	0.5462680546126134	
2.2 	0.44878551008453493	0.5512144899154636	
2.25 	0.4449759519677332	0.5550240480322652	
2.3 	0.4423083223720019	0.5576916776279965	
2.35 	0.44078043183150645	0.5592195681684917	
2.4 	0.440382711749225	0.5596172882507727	
2.45 	0.441098146046936	0.5589018539530617	
2.5 	0.44290227742268085	0.5570977225773159	
2.55 	0.4457632912751894	0.5542367087248076	
2.6 	0.4496421786402158	0.5503578213597815	
2.65 	0.4544929776816245	0.5455070223183728	
2.7 	0.46026309145495714	0.5397369085450405	
2.75 	0.46689367788019537	0.5331063221198027	
2.8 	0.4743201061898054	0.5256798938101928	
2.85 	0.48247247262028875	0.5175275273797091	
2.9 	0.49127616684570763	0.5087238331542903	
2.95 	0.5006524796555416	0.49934752034445595	
3.0 	0.5105192416903152	0.48948075830968235	
3.05 	0.5207914826866441	0.47920851731335345	
3.1 	0.5313821006542045	0.46861789934579323	
3.15 	0.5422025307017099	0.4577974692982876	
3.2 	0.5531634038246714	0.4468365961753263	
3.25 	0.5641751868297077	0.4358248131702902	
3.3 	0.5751487956535942	0.4248512043464035	
3.35 	0.5859961755876331	0.41400382441236444	
3.4 	0.5966308432822381	0.4033691567177594	
3.45 	0.6069683868240412	0.39303161317595686	
3.5 	0.616926921590714	0.38307307840928373	
3.55 	0.6264275009432542	0.3735724990567443	
3.6 	0.635394482063931	0.36460551793606716	
3.65 	0.6437558483506192	0.35624415164937917	
3.7 	0.6514434907039776	0.34855650929602044	
3.75 	0.6583934507720354	0.3416065492279624	
3.8 	0.6645461297360943	0.3354538702639032	
3.85 	0.669846466531166	0.33015353346883136	
3.9 	0.6742440895008603	0.3257559104991371	
3.95 	0.6776934454060305	0.3223065545939676	
4.0 	0.6801539094602661	0.3198460905397318	
4.05 	0.681589879680202	0.31841012031979576	
4.1 	0.6819708583446823	0.3180291416553158	
4.15 	0.68127152278616	0.31872847721383823	
4.2 	0.6794717871227334	0.3205282128772646	
4.25 	0.6765568559115216	0.32344314408847635	
4.3 	0.6725172700931363	0.32748272990686184	
4.35 	0.6673489450291201	0.3326510549708779	
4.4 	0.6610531999317494	0.3389468000682486	
4.45 	0.6536367775662093	0.34636322243378825	
4.5 	0.6451118527813935	0.35488814721860434	
4.55 	0.635496028204525	0.3645039717954727	
4.6 	0.6248123153181044	0.37518768468189334	
4.65 	0.6130890991214798	0.3869109008785179	
4.7 	0.6003600846548581	0.39963991534513965	
4.75 	0.5866642238174304	0.41333577618256667	
4.8 	0.5720456211264798	0.4279543788735173	
4.85 	0.5565534173210753	0.44344658267892195	
4.9 	0.5402416499909815	0.4597583500090158	
4.95 	0.5231690906871204	0.4768309093128769	
5.0 	0.505399058224037	0.4946009417759603	
5.05 	0.48699920809959896	0.5130007919003982	
5.1 	0.46804129811889716	0.5319587018811001	
5.15 	0.44860093040951676	0.5513990695904806	
5.2 	0.4287572700516853	0.5712427299483125	
5.25 	0.4085927405236614	0.5914072594763365	
5.3 	0.3881926960913898	0.6118073039086082	
5.35 	0.3676450711696676	0.6323549288303302	
5.4 	0.3470400065731704	0.6529599934268276	
5.45 	0.32646945248712883	0.6735305475128691	
5.5 	0.306026747948862	0.6939732520511358	
5.55 	0.28580617667229924	0.7141938233276985	
5.6 	0.2659024991949988	0.7340975008049995	
5.65 	0.2464104616027232	0.7535895383972749	
5.7 	0.22742428150457483	0.7725757184954234	
5.75 	0.20903711249659065	0.7909628875034075	
5.8 	0.19134048905716014	0.8086595109428381	
5.85 	0.1744237546454788	0.8255762453545196	
5.9 	0.15837347669479726	0.8416265233052013	
5.95 	0.14327285316527727	0.8567271468347215	
6.0 	0.12920111629810904	0.8707988837018902	
6.05 	0.11623294013872315	0.8837670598612761	
6.1 	0.10443785921559329	0.8955621407844061	
6.15 	0.09387970641679445	0.9061202935832051	
6.2 	0.08461607854889068	0.9153839214511086	
6.25 	0.07669783825049031	0.923302161749509	
6.3 	0.07016866083655472	0.9298313391634446	
6.35 	0.06506463425435628	0.9349353657456432	
6.4 	0.0614139196388058	0.9385860803611937	
6.45 	0.05923647898092961	0.9407635210190698	
6.5 	0.058543875201320934	0.9414561247986782	
6.55 	0.05933914849688109	0.940660851503118	
6.6 	0.061616771261588675	0.9383832287384106	
6.65 	0.06536268223544432	0.9346373177645555	
6.7 	0.070554398878918	0.9294456011210815	
6.75 	0.07716120537164668	0.922838794628353	
6.8 	0.08514441215808267	0.9148555878419176	
6.85 	0.09445768166590952	0.9055423183340906	
6.9 	0.10504741375144142	0.8949525862485587	
6.95 	0.11685318361344989	0.8831468163865505	
7.0 	0.12980822438270673	0.8701917756172932	
7.05 	0.14383994634471592	0.8561600536552842	
7.1 	0.1588704847798246	0.8411295152201755	
7.15 	0.17481726868809927	0.8251827313119007	
7.2 	0.19159360317554525	0.8084063968244548	
7.25 	0.20910925897477722	0.7908907410252225	
7.3 	0.2272710634127477	0.7727289365872524	
7.35 	0.24598348807298243	0.7540165119270177	
7.4 	0.26514922938153	0.73485077061847	
7.45 	0.28466977932729975	0.7153302206727002	
7.5 	0.3044459844646254	0.6955540155353743	
7.55 	0.32437859219923	0.67562140780077	
7.6 	0.3443687840944702	0.6556312159055302	
7.65 	0.3643186965253535	0.6356813034746472	
7.7 	0.38413192943273694	0.6158680705672638	
7.75 	0.4037140441757319	0.5962859558242687	
7.8 	0.4229730515401067	0.5770269484598939	
7.85 	0.44181989083476503	0.5581801091652359	
7.9 	0.4601689007043228	0.539831099295678	
7.95 	0.47793828181706083	0.5220617181829399	
8.0 	0.4950505509740029	0.5049494490259971	
8.05 	0.511432985452369	0.48856701454763124	
8.1 	0.5270180555764442	0.47298194442355596	
8.15 	0.5417438426371505	0.4582561573628503	
8.2 	0.5555544383985208	0.4444455616014801	
8.25 	0.5684003215782094	0.4315996784217918	
8.3 	0.5802387059151616	0.41976129408483986	
8.35 	0.591033853786027	0.4089661462139742	
8.4 	0.6007573488464919	0.39924265115350915	
8.45 	0.6093883208946832	0.3906116791053181	
8.5 	0.6169136161156493	0.3830863838843523	
8.55 	0.6233279060953967	0.37667209390460515	
8.6 	0.628633729507149	0.3713662704928527	
8.65 	0.6328414611770746	0.36715853882292704	
8.7 	0.635969204324846	0.36403079567515534	
8.75 	0.6380426031259325	0.3619573968740687	
8.8 	0.6390945743240884	0.3609054256759131	
8.85 	0.6391649583881459	0.3608350416118556	
8.9 	0.6383000925998479	0.3616999074001535	
8.95 	0.6365523104128787	0.3634476895871227	
9.0 	0.6339793733650293	0.36602062663497165	
9.05 	0.6306438436798606	0.36935615632014035	
9.1 	0.6266124073859819	0.373387592614019	
9.15 	0.6219551592397248	0.3780448407602757	
9.2 	0.6167448618964912	0.38325513810350903	
9.25 	0.6110561925839858	0.3889438074160145	
9.3 	0.6049649909467973	0.3950350090532032	
9.35 	0.5985475217316665	0.40145247826833413	
9.4 	0.5918797655583657	0.4081202344416351	
9.45 	0.5850367501817582	0.4149632498182426	
9.5 	0.5780919334226601	0.42190806657734037	
9.55 	0.5711166473707626	0.42888335262923766	
9.6 	0.5641796115982394	0.43582038840176135	
9.65 	0.5573465210353994	0.4426534789646011	
9.7 	0.5506797119258987	0.44932028807410157	
9.75 	0.5442379069797745	0.45576209302022624	
9.8 	0.5380760385607015	0.4619239614392994	
9.85 	0.5322451465602286	0.4677548534397722	
9.9 	0.5267923456019458	0.4732076543980552	
9.95 	0.521760854449935	0.478239145550066	
10.0 	0.5171900790250618	0.482809920974939	
10.05 	0.5131157393034428	0.48688426069655794	
10.1 	0.5095700296135395	0.490429970386461	
10.15 	0.506581801476624	0.4934181985233764	
10.2 	0.5041767581499574	0.4958232418500428	
10.25 	0.5023776504187597	0.4976223495812399	
10.3 	0.5012044639147262	0.4987955360852732	
10.35 	0.5006745892768355	0.49932541072316394	
10.4 	0.5008029677664189	0.4991970322335804	
10.45 	0.501602206447638	0.4983977935523617	
10.5 	0.5030826586865303	0.4969173413134693	
10.55 	0.5052524674441103	0.4947475325558895	
10.6 	0.5081175705789476	0.49188242942105204	
10.65 	0.5116816690716568	0.4883183309283427	
10.7 	0.515946160681189	0.4840538393188108	
10.75 	0.5209100429899232	0.4790899570100766	
10.8 	0.5265697910475757	0.47343020895242427	
10.85 	0.5329192158473954	0.46708078415260457	
10.9 	0.539949310635573	0.46005068936442706	
10.95 	0.5476480925492514	0.4523519074507485	
11.0 	0.5560004472927468	0.4439995527072526	
11.05 	0.5649879844977933	0.4350120155022061	
11.1 	0.5745889110832731	0.42541108891672647	
11.15 	0.5847779293529322	0.41522207064706707	
11.2 	0.5955261657736192	0.4044738342263797	
11.25 	0.6068011353958449	0.3931988646041541	
11.3 	0.6185667457524923	0.3814332542475067	
11.35 	0.6307833428438168	0.3692166571561821	
11.4 	0.6434078005334433	0.3565921994665553	
11.45 	0.656393653387724	0.34360634661227446	
11.5 	0.6696912717356862	0.33030872826431246	
11.55 	0.6832480765526456	0.3167519234473531	
11.6 	0.6970087907172814	0.3029912092827174	
11.65 	0.7109157222941478	0.2890842777058509	
11.7 	0.724909074779293	0.27509092522070555	
11.75 	0.7389272787362997	0.26107272126369896	
11.8 	0.7529073389558271	0.2470926610441715	
11.85 	0.7667851911970229	0.23321480880297601	
11.9 	0.7804960627086656	0.21950393729133313	
11.95 	0.7939748310678089	0.20602516893218972	
12.0 	0.80715637639253	0.1928436236074685	
12.05 	0.8199759226549886	0.18002407734501008	
12.1 	0.8323693646078698	0.16763063539212886	
12.15 	0.8442735777042324	0.1557264222957666	
12.2 	0.8556267092985752	0.14437329070142363	
12.25 	0.8663684503261876	0.133631549673811	
12.3 	0.8764402875306024	0.12355971246939641	
12.35 	0.8857857371104956	0.11421426288950307	
12.4 	0.894350561357306	0.1056494386426928	
12.45 	0.9020829704283768	0.09791702957162178	
12.5 	0.9089338118290466	0.09106618817095158	
12.55 	0.9148567504487994	0.0851432495511985	
12.6 	0.9198084421060219	0.08019155789397583	
12.65 	0.9237487035039852	0.07625129649601228	
12.7 	0.9266406812940166	0.07335931870598057	
12.75 	0.9284510225920642	0.07154897740793313	
12.8 	0.9291500488177505	0.07084995118224668	
12.85 	0.9287119341396382	0.0712880658603587	
12.9 	0.9271148891383578	0.07288511086163896	
12.95 	0.9243413495639496	0.07565865043604704	
13.0 	0.9203781692899188	0.07962183071007793	
13.05 	0.915216815779638	0.08478318422035835	
13.1 	0.9088535656068402	0.09114643439315641	
13.15 	0.90128969683709	0.09871030316290552	
13.2 	0.8925316744071873	0.10746832559280867	
13.25 	0.8825913240594403	0.11740867594055583	
13.3 	0.8714859899216405	0.12851401007835522	
13.35 	0.859238670492967	0.14076132950702866	
13.4 	0.8458781276200594	0.15412187237993588	
13.45 	0.8314389630411388	0.16856103695885577	
13.5 	0.8159616572496039	0.18403834275039066	
13.55 	0.7994925657865273	0.20050743421346703	
13.6 	0.78208386861179	0.21791613138820415	
13.65 	0.7637934689168513	0.23620653108314282	
13.7 	0.7446848386115384	0.2553151613884552	
13.75 	0.7248268087183529	0.2751731912816411	
13.8 	0.704293304009287	0.29570669599070665	
13.85 	0.683163022384648	0.31683697761534546	
13.9 	0.6615190606787046	0.3384809393212887	
13.95 	0.6394484897381708	0.36055151026182225	
14.0 	0.6170418827107088	0.3829581172892841	
14.05 	0.5943928014575791	0.4056071985424136	
14.1 	0.571597246827115	0.4284027531728779	
14.15 	0.548753079160181	0.4512469208398116	
14.2 	0.5259594158204122	0.47404058417958084	
14.25 	0.5033160127365761	0.49668398726341656	
14.3 	0.4809226369097757	0.5190773630902175	
14.35 	0.45887843658473615	0.5411215634152572	
14.4 	0.43728131533508946	0.5627186846649036	
14.45 	0.41622731570149196	0.5837726842985012	
14.5 	0.39581001729233645	0.604189982707657	
14.55 	0.37611995346017146	0.6238800465398221	
14.6 	0.35724404985666114	0.6427559501433324	
14.65 	0.3392650873987528	0.660734912601241	
14.7 	0.3222611914984599	0.6777388085015337	
14.75 	0.3063053488604745	0.6936946511395184	
14.8 	0.291464952767176	0.7085350472328169	
14.85 	0.27780137756781625	0.7221986224321766	
14.9 	0.26536958307151	0.7346304169284825	
14.95 	0.2542177497009797	0.7457822502990124	
15.0 	0.2443869455705426	0.7556130544294494	
15.05 	0.23591082707008199	0.7640891729299102	
15.1 	0.22881537501987062	0.7711846249801215	
15.15 	0.2231186689564321	0.7768813310435602	
15.2 	0.21883070256268375	0.7811692974373086	
15.25 	0.21595324361425505	0.7840467563857376	
15.3 	0.21447974203214357	0.7855202579678495	
15.35 	0.2143952896733266	0.7856047103266668	
15.4 	0.21567663533120687	0.7843233646687863	
15.45 	0.2182922580460951	0.7817077419538977	
15.5 	0.22220250124572274	0.7777974987542701	
15.55 	0.22735976946404562	0.7726402305359472	
15.6 	0.23370878845249166	0.7662912115475011	
15.65 	0.24118692844032955	0.7588130715596634	
15.7 	0.24972458916608173	0.7502754108339111	
15.75 	0.25924564413990064	0.7407543558600921	
15.8 	0.26966794045839904	0.7303320595415937	
15.85 	0.28090384942720553	0.7190961505727874	
15.9 	0.2928608622962871	0.7071391377037058	
15.95 	0.3054422246156767	0.6945577753843158	
16.0 	0.3185476021029951	0.6814523978969976	
16.05 	0.33207377049794273	0.6679262295020498	
16.1 	0.3459153216719833	0.6540846783280094	
16.15 	0.35996537826344654	0.6400346217365461	
16.2 	0.3741163093103584	0.6258836906896336	
16.25 	0.38826043973900537	0.6117395602609867	
16.3 	0.40229074711303614	0.5977092528869559	
16.35 	0.41610153972876573	0.5838984602712267	
16.4 	0.42958911092720015	0.5704108890727921	
16.45 	0.44265236535056984	0.5573476346494224	
16.5 	0.4551934137688325	0.5448065862311599	
16.55 	0.46711813400824864	0.5328818659917439	
16.6 	0.478336696399368	0.5216633036006245	
16.65 	0.48876405299673564	0.5112359470032571	
16.7 	0.498320390580036	0.5016796094199568	
16.75 	0.5069315481007032	0.4930684518992902	
16.8 	0.5145293997655704	0.4854706002344227	
16.85 	0.5210522053286017	0.47894779467139126	
16.9 	0.5264449293747974	0.4735550706251958	
16.95 	0.5306595314128071	0.4693404685871862	
17.0 	0.5336552284357922	0.46634477156420107	
17.05 	0.5353987312618886	0.46460126873810487	
17.1 	0.5358644554330302	0.4641355445669637	
17.15 	0.5350347067506352	0.46496529324935837	
17.2 	0.5328998406863794	0.4671001593136141	
17.25 	0.5294583939647372	0.4705416060352571	
17.3 	0.5247171856205435	0.47528281437945075	
17.35 	0.5186913838478877	0.4813086161521067	
17.4 	0.5114045340411545	0.48859546595884	
17.45 	0.5028885426532602	0.4971114573467347	
17.5 	0.49318361092747026	0.5068163890725247	
17.55 	0.48233811225995865	0.5176618877400359	
17.6 	0.47040840697301045	0.5295915930269842	
17.65 	0.45745858866211686	0.5425414113378777	
17.7 	0.4435601570452283	0.556439842954766	
17.75 	0.4287916133899339	0.5712083866100601	
17.8 	0.4132379761035031	0.5867620238964917	
17.85 	0.3969902158989746	0.6030097841010199	
17.9 	0.38014461203495065	0.6198553879650437	
17.95 	0.3628020333870642	0.6371979666129303	
18.0 	0.34506715045149583	0.6549328495484984	
18.05 	0.3270475867032246	0.6729524132967697	
18.1 	0.30885301992898234	0.6911469800710122	
18.15 	0.29059424612521784	0.7094057538747764	
18.2 	0.2723822202014202	0.7276177797985742	
18.25 	0.2543270889790655	0.7456729110209289	
18.3 	0.23653723276392555	0.763462767236069	
18.35 	0.219118332052538	0.7808816679474563	
18.4 	0.2021724756923248	0.797827524307669	
18.45 	0.18579732605155316	0.8142026739484408	
18.5 	0.17008535549406237	0.8299146445059319	
18.55 	0.15512316673832638	0.8448768332616678	
18.6 	0.14099090757228216	0.859009092427712	
18.65 	0.12776178797000345	0.8722382120299907	
18.7 	0.1155017050002213	0.8844982949997727	
18.75 	0.10426897812351588	0.8957310218764786	
18.8 	0.094114194641863	0.9058858053581318	
18.85 	0.08508016228799989	0.9149198377119946	
18.9 	0.07720196331597765	0.9227980366840173	
18.95 	0.07050710206453603	0.9294928979354585	
19.0 	0.06501573588802168	0.9349842641119731	
19.05 	0.060740977649717386	0.9392590223502775	
19.1 	0.05768925669980395	0.9423107433001908	
19.15 	0.055860724449424	0.9441392755505708	
19.2 	0.05524969032187526	0.9447503096781191	
19.25 	0.05584507401365982	0.944154925986335	
19.3 	0.05763086061735194	0.9423691393826429	
19.35 	0.06058654621453711	0.9394134537854578	
19.4 	0.06468756299496448	0.9353124370050304	
19.45 	0.06990567473840509	0.9300943252615896	
19.5 	0.0762093355373259	0.9237906644626692	
19.55 	0.08356400686019146	0.9164359931398044	
19.6 	0.09193243036833716	0.9080675696316585	
19.65 	0.10127485621078564	0.89872514378921	
19.7 	0.11154922873698549	0.8884507712630101	
19.75 	0.122711333595976	0.87728866640402	
19.8 	0.1347149119476162	0.8652850880523797	
19.85 	0.1475117489240157	0.8524882510759803	
19.9 	0.1610517444887875	0.8389482555112086	
19.95 	0.17528297540800625	0.8247170245919901	
